liste_codes
289465
210122
48818
295103
2008
930
295107
86815
6
3
435623
5
4
250977
294975
96147
9
495879
294983
567
22
11
96269
100055
2
295105
295101
931
284460
324353
54251
295089
99110
295097
49382
295093
932
99109
93299
1
295116
93298
93296
99111
295085
1164
99112
295091
945
15
295099
980
922
295095
295114
16
48
295112
295118
294990
356978
295087
294988
289504
2879
973
79315
941
295110
294977
25
14
26791
294981
300504
329942
294979
394532
294986
926
394529
93322
439175
35706
2018
33
79314
402041
26
79282
79283
93610
51208
79284
24
369955
2785
369962
47159
79312
12
314889
93598
308425
93607
20
27
79159
93599
289916
0
18
943
88639
28
79154
79310
391417
79311
391428
308442
391457
280183
79157
79189
35
2609
939
67046
70472
111
17
67047
397593
67048
66634
93608
445038
7
23
55881
448348
88619
90348
498359
86814
101046
213772
166113
398053
424991
29
30
79151
31
963
494454
32
99725
210128
104075
39
79155
2500
99976
1915
213504
51890
444316
363478
370091
370097
217059
424016
352745
41
65759
178307
65798
424943
221054
1240
87
955
794
36
454723
710
26106
38
457095
314022
970
330064
391723
3222
63440
398961
163931
37
972
247165
284395
137754
950
213528
280651
319303
169189
246
1810
245
422526
2314
447753
319298
447757
319276
398971
448372
180267
95512
89937
178345
2398
36397
54272
99027
95
2032
96253
178464
98784
369929
329211
98880
93292
306588
243367
2924
398147
91348
254892
33110
730
229717
43
47
91349
139396
314790
44
314769
139399
977
388
101
46
753
1497
314786
325448
269206
2965
96265
2805
96266
981
91347
3346
99114
99798
99062
95457
99877
65288
314777
49
454821
93321
180145
755
180142
440987
2138
1134
404
325345
269203
228169
217330
269209
3086
213792
682
213600
984
281139
411709
163703
1848
137686
363549
93100
398109
79431
325124
86886
983
103919
280302
112
280315
75564
56
85436
98841
295063
85438
300895
91140
300903
295067
85410
247839
247846
33355
79327
294973
85435
79321
1987
79320
85408
79325
8
79328
247854
280071
295061
79324
247861
324422
13
295065
85414
60039
99995
91416
364043
352740
275944
293173
1000
254492
100025
99749
178333
61
309288
178320
54
309282
62
846
2134
93616
93581
163596
79433
93575
79434
847
217023
3261
352731
275517
93576
352734
436159
93578
352737
357043
93579
313808
93580
99971
79432
357008
99907
79435
98918
90033
180188
65
90037
90036
353220
319332
93937
85453
1027
163696
137810
102
295059
227510
98933
49804
295055
85450
294971
85448
294969
98917
294967
268868
367
295057
85445
93560
439254
295053
238269
85446
314419
439232
137814
88661
85443
314652
100032
98957
314709
100033
324708
314701
324723
100034
324718
324713
100006
100031
324703
21
93562
34
93561
97345
68
100008
97346
67
1032
442582
470
2116
518
439224
319480
319465
98832
98833
397606
520
330001
517
85451
122
514
85447
488239
251663
454706
300557
319635
206580
83420
139536
431255
83330
1040
86816
83418
453510
1145
217399
488586
1154
31150
1041
481
404521
364013
65684
363999
2901
486811
70
209335
363447
353334
98920
363454
79262
78
99916
263524
1216
314399
124
101096
178330
209341
231214
84
67044
139552
293825
139547
98869
83419
98873
314485
98870
228277
300298
228272
231160
1053
35858
494424
99072
363727
319651
99092
49827
99107
1054
83642
86
209981
91387
332
98826
1055
90035
86839
190
86817
95491
168960
90030
100019
889
248305
100020
183
712
255132
140989
714
260305
35120
91385
100056
766
99138
1959
75563
2802
91378
90031
100050
466026
100051
232
100054
1048
83620
100057
231013
10
263413
79323
74
76
468666
79326
199282
86309
250923
1070
86873
91397
210576
91131
493348
140917
244310
1063
98839
1077
263494
458768
141163
289596
3235
324737
324
99059
300536
457205
199279
399096
95429
99797
329178
892
99129
99095
370921
435934
1059
370924
53721
443811
370927
3205
369837
448010
488635
397941
3474
79329
83639
221061
79330
280633
79332
79318
137935
79333
79319
238459
263508
482077
95428
79322
263487
314667
141022
263501
464443
141030
356961
101932
468699
99060
182050
468684
99078
466703
99089
708
2911
99090
91483
3181
1880
36383
3294
443087
752
90796
99130
99124
99125
98978
141013
141037
2489
100069
2847
324972
324530
1114
1092
2091
79133
79143
94150
1116
1115
88620
3383
93976
247768
168558
1190
56304
56305
220436
1168
2926
64753
36355
459033
83471
3329
99103
1478
171690
1215
88
3403
99000
397692
137929
573
477787
99079
180074
99075
393
449400
180079
829
98872
254519
747
206583
98871
397596
83461
404448
98818
1834
247775
3324
100070
295041
974
250831
86789
95507
139485
141074
90349
221145
357074
295038
357064
99981
357058
70590
324442
101097
95613
466775
90
60014
1125
268936
314566
289176
254886
3469
3453
98
3143
314603
227982
227990
51608
29207
398097
69126
3287
828
397
26137
1143
90119
1146
2053
90118
98856
1147
101101
376
228374
65720
101102
495274
329457
169186
248
88616
731
1144
447760
3377
115
65743
137817
251515
99081
88644
887
364198
251679
276183
251589
251595
453521
1485
251601
19
251604
99706
251612
363432
251615
1416
251598
324262
251618
1159
251940
1166
412057
93279
647
314978
99050
247815
314647
3008
99049
1177
217656
94147
1175
94122
231466
352403
2302
71279
1160
352641
26790
284289
404499
99106
37612
284332
99104
401953
99105
97
79135
79136
276198
211067
93
209967
1163
209970
135
137577
96
101351
138
2578
1170
251282
404493
1955
276193
1182
254881
363710
423296
423275
40
458798
458803
42
1186
397946
497764
85297
276241
85292
247234
254343
313772
208513
98755
284324
100
98756
98757
251347
276238
2953
95433
276244
98765
98766
98758
98760
95713
98761
86875
98767
231401
98762
357107
284271
98768
98763
284282
98769
98759
1195
98771
98772
101110
98773
101108
101111
448251
101112
98764
137920
397709
101109
244283
466794
211017
137914
217012
137917
1198
1201
221142
227976
1199
105
2290
104
30391
98673
1203
98676
1202
99118
65681
98890
1205
67036
3188
1209
251295
113
95448
2300
140933
86819
79100
86813
250932
75377
75373
99966
3342
247198
139589
86818
114
363969
139518
199627
402364
139557
399307
399180
54247
139525
399175
101206
58
97249
363717
363722
98981
284454
414
399805
1214
64742
178475
64741
50945
178481
75496
1229
99860
2728
178487
67038
126
86852
178478
108
261579
69736
230800
329284
261572
1223
35099
93396
60041
93395
64692
93397
871
498602
50839
1260
294996
319205
64694
295130
1243
100976
98895
295128
65284
293707
363444
294998
797
295134
110
293725
401777
295132
312
353253
247203
93388
1297
1303
93394
281122
93389
91546
93382
281127
128
1267
322
93383
133
140908
228371
93384
93387
139455
1276
254509
2114
306
127
1949
93409
402075
93304
99771
1247
448242
166308
99933
254504
93302
99934
99935
75374
99960
369942
99961
436174
99066
99429
99067
60033
1302
178506
1980
99068
1330
79127
88642
439881
109
1313
142
1304
1314
443291
90076
146
53715
440437
99915
125
306661
143
306658
98976
280062
66627
280065
280068
36273
289601
79141
116
180242
267
118
70567
1318
1035
1319
289385
119
1320
848
1321
70573
231393
1327
227535
33364
1326
231226
213557
231222
488434
1331
3292
97290
295016
300865
1325
231242
141194
1672
53719
213837
141199
3319
2848
56425
1329
213751
206489
136
99912
231625
500464
206538
443167
500481
423781
424019
1332
418945
213767
99361
251899
213716
213812
423994
424975
213630
1333
180247
494550
180226
424039
48736
47044
398058
99917
424002
289362
418959
284400
1334
160148
494448
264691
401920
457252
464343
313920
199354
67037
213605
423786
319319
424046
424996
88673
213828
210159
213823
300385
213741
213721
494547
418951
423968
314422
494451
99977
424970
500478
213833
1501
424080
424058
168829
213746
289682
213531
150
499182
213777
424065
370396
79140
213787
213512
319314
213731
100085
213610
404514
319308
1561
70474
99869
319287
57777
66529
263331
404511
300751
263335
319322
154
319325
263339
319487
209989
398980
563
137675
439854
99868
213817
213726
329984
217601
324525
98985
98989
441452
289527
91492
98991
98992
98988
98993
98984
352563
314637
441447
75249
98994
98995
99994
293910
293888
186
319646
293899
99978
2444
280832
280840
99843
280847
98972
48431
1349
99827
661
289499
134
2505
457246
1361
401996
280779
98990
98975
75382
293603
1515
1221
345
99647
901
93942
101106
79277
184
276429
170
57145
79414
324625
168486
199310
86850
180
79263
97292
168491
79264
480556
1947
195
171
447774
438075
447764
69663
511
173
268145
97282
268173
268184
79303
586
69665
1520
379
2140
480491
1529
2388
178029
307766
1490
79306
35173
33111
1071
79304
158
280288
60
79305
468641
1459
247257
480483
91495
33402
480476
447788
168577
649
215
247598
309796
35686
172
309803
94087
65682
468717
182
79346
1437
96171
79344
96172
1447
79347
251043
3144
1448
1449
2098
280586
1450
96173
263463
1438
96175
166272
1439
1428
96176
163966
1440
99646
96177
1423
3306
55880
96178
1441
209916
1442
178
1443
1429
1444
1420
1446
399
1421
96170
248111
306731
261529
175
83467
264688
33067
53583
166038
98809
90080
174
98810
231154
2501
317473
252015
445018
317476
79345
99926
317428
289356
157949
317430
179
79394
177
443079
294422
2978
309789
370968
99948
779
370980
99955
371007
99956
168583
99763
99949
209919
71
157820
590
247525
476394
101081
247546
101082
247573
101083
101084
99950
90658
99951
101085
247585
101075
99952
443950
99953
99954
497757
139515
401964
391351
101078
324611
99014
435819
90120
435387
352675
99094
1556
487814
90790
100043
325524
99946
100044
325529
99947
100045
99936
100046
99937
93114
295014
99938
352670
284448
99939
99940
101076
99941
101077
99942
99943
99944
468635
192
99945
64545
85136
228179
137667
228174
284232
300319
258
329258
319160
98893
397968
324964
370953
443073
391320
436169
370959
397735
447964
488333
1456
1457
466768
1455
79096
228123
79097
1461
99098
99099
397725
1464
79273
1489
99069
1359
1986
99063
53691
99086
2019
99088
99085
2369
2318
93929
402035
90020
103920
781
254920
53296
228264
254925
137908
79147
220295
254930
319504
71276
319509
98942
306644
98946
268316
324535
1482
314051
155889
319514
97231
319519
155884
485418
319524
90002
98944
809
98943
369913
85168
35737
420728
99121
420733
98945
444013
444458
447954
98947
477684
477774
166305
466784
478029
478042
280827
280854
663
140927
300564
91359
2807
399058
759
313838
251902
290
147
247691
157
411527
228302
91138
228305
93554
228308
93555
91139
198
398088
1525
54595
1546
1572
63260
98949
157832
91396
280615
98950
2145
1549
210
60030
60015
211
2343
3135
3366
101068
35122
1541
306436
424982
1527
306474
306446
284149
424053
306486
306462
281190
1465
424073
499085
329217
95409
725
212
166415
909
400
166430
1560
166421
228285
213
166424
411641
411634
1544
166433
411629
166418
163961
1762
214
85283
93612
2195
93613
163937
37202
444092
412206
206470
163956
100973
498228
85322
180261
352530
93945
776
777
90038
3242
364028
85285
85323
79078
85279
85286
141083
85274
85324
2968
85295
85287
99842
3063
99844
85273
85325
275523
1425
85278
85288
1775
85326
79456
280785
85276
93950
244
1653
1193
85328
99789
99791
3056
163976
99970
85293
85277
85290
209867
163971
280
59
2406
293381
93947
178469
457240
93952
35909
101685
1979
280763
3078
309111
397933
99732
166108
3079
308386
2557
308393
3080
26348
308400
26349
93602
510
79293
79301
79302
79095
93583
79
168612
168601
330
90793
325
631
231662
328
231671
572
326
327
231679
816
329
231692
633
331
93323
335
352649
103910
93320
465
289157
483
79101
53690
431361
91
722
749
268162
199296
432
210115
103908
459353
99901
35701
99764
26792
365
79244
308552
420429
401859
43115
309246
101089
79351
141
2671
349
579
79350
2118
99900
79280
79279
1578
26793
79281
2971
3137
33572
99135
45
277
366
818
976
404546
3006
320
425
168588
583
35704
512
309271
309256
35708
159
309263
276223
276212
228337
156
447997
391376
437552
238505
228423
171673
397959
79506
333
169079
205
2056
169100
79234
183675
169110
79235
79241
401874
309108
255182
132
65287
765
309310
3129
354
355
584
280133
488168
401948
33573
33574
230
382
99849
300
79272
565
90795
98879
394
98878
882
169095
289846
348
289849
284414
35664
284408
364
284411
79259
79258
101006
2394
734
2066
169142
226
487
2102
38874
79237
309297
1675
79238
243343
2157
79239
2967
79269
79271
99812
447737
845
309192
309178
309185
2170
440731
309239
284426
796
284435
309169
275761
395
650
309155
2364
309162
3057
2587
79507
183713
1173
79242
401862
368
2168
447795
79270
309015
79233
2203
576
67041
103907
927
363424
57
401869
580
404454
217085
447731
168598
217093
73272
71529
664
70592
622
415
308380
2169
500062
832
69076
746
52503
79473
716
79246
284417
79243
2880
760
255138
293633
35121
70594
391311
461
534
46059
353308
97234
353314
353320
773
71526
95699
742
419
2966
240760
50
440706
217335
420741
168
101028
3124
911
71212
488618
35710
444463
369852
98434
93601
859
469
199247
71278
2843
308473
91354
91350
97229
306431
1551
431149
353217
309020
169085
447784
103909
397685
309031
39041
476113
868
169082
101150
217390
308487
397964
481665
139406
199285
35078
1460
275
314689
436252
3208
254905
169090
254913
306550
331206
238670
52901
408
357237
228003
420573
477857
317425
75391
397787
440713
280142
431166
276
169160
99731
324294
90674
169157
248340
169154
361
351
91496
199299
238468
95494
411712
1627
169799
169808
401986
169796
35688
456298
1606
295223
250989
250999
295221
238769
293948
313850
363680
261349
163693
369881
228402
905
1617
251014
251019
585
251028
1001
1621
356947
397695
65286
435638
238750
228384
314655
251046
171829
137672
251056
79292
254351
726
251061
251066
343
67042
251071
284160
169464
2496
324313
352665
401923
331235
495818
225154
284169
276413
225147
893
444002
169793
2308
169802
313884
280325
898
94063
289513
412035
1590
1587
96150
96168
531
261120
52022
1597
261144
96129
264200
96152
401935
231237
254528
219
254525
99015
261183
1600
199318
444051
261190
96123
94065
48652
261222
36367
275872
261197
1620
261211
261236
96145
500055
275864
352629
96125
261250
96126
293848
319171
1636
261257
1642
168782
97685
1580
261265
96148
412066
363958
261279
97353
254346
96149
357001
283
217346
261295
313781
228165
261304
261311
96136
261323
1581
99828
268261
96160
49042
96164
261330
1646
261476
1643
166260
166265
77295
281
83450
904
502
231573
255235
363534
3243
222
279934
48377
75376
79145
254875
46488
36426
95626
91481
1661
30925
79411
223
137617
369950
1662
2856
79099
300359
1656
98909
552
35107
289347
93111
528
217563
79086
225
99885
99886
217566
168606
99654
1657
70587
1667
139436
1179
31112
1666
180160
1306
53689
383
1659
221
93672
398117
86920
373
397587
329242
370046
96186
99101
96187
314373
99102
293807
96188
1676
261519
1677
96193
84064
480501
96190
95484
1671
96191
231111
2004
497188
96192
227
1679
99324
570
96334
480701
2048
96195
1681
1756
261524
166291
229
860
36382
458718
216694
99177
251009
1685
251004
91358
96194
99077
329813
431347
1686
96179
96180
96181
96183
97678
300888
96184
300849
96185
289661
3286
252031
273
95426
46348
231
94068
99119
98896
261
98853
98855
251359
270
251365
609
251370
35069
251375
251946
233
251975
3157
83469
35093
2721
480512
99887
3426
423712
261102
250994
313947
423693
294026
96095
329802
228415
99045
314034
96121
99046
459074
99043
251076
228399
276422
95474
300305
261229
96101
1717
488280
96102
96107
238446
96103
96109
370079
96105
261204
1705
100048
261243
1707
96078
284180
477817
96106
217385
3379
139474
1716
261272
97286
217340
261290
447980
1764
363659
3380
314381
261318
100071
1727
441
261337
141071
412
1759
314389
296
261483
240
293939
88629
261344
96112
241
1738
1695
1742
1702
264450
100047
1752
96167
98881
324321
236
1699
1767
1715
171220
957
96069
96070
1768
96094
314621
96071
1757
96072
96096
300570
96097
93337
1745
237
96098
69739
238
96074
243
96100
242
1772
251510
98811
1131
861
1248
1773
1794
141136
1795
3033
1782
2839
97360
1797
97367
949
2311
952
1798
64542
99082
54028
97369
1799
97368
1786
63446
467166
1787
95716
968
1788
2808
69745
969
1784
956
2211
3088
1452
218
207
352657
66637
93347
1790
52
261600
1827
261619
494526
261629
324588
85200
392
443995
1350
1342
168796
1519
70589
140
314721
3027
83451
1394
319192
289
319195
168621
98813
1952
420794
181
1263
268994
85191
65683
2892
178355
3206
189
268961
1808
268973
398166
1809
268980
268987
398173
1807
269001
398189
269008
1513
1811
1660
69084
50814
79153
1818
85184
280654
1816
1522
1328
1528
99645
628
2616
3253
269229
231080
1803
1819
485
2909
1822
156731
93307
1865
166029
2710
166032
1801
1200
2347
166016
67039
302
2457
166002
90153
93308
478
90154
2741
93311
313855
166024
85170
166011
1842
92050
1836
2634
374
1832
2497
1844
1972
85172
915
488265
2632
2645
249
2791
2633
93277
1427
93276
1791
93333
1826
1837
3005
63442
488437
228390
85166
306542
85188
391474
500548
2635
189439
2623
1839
53697
85195
1802
750
3450
85174
1830
2705
1509
93108
93173
168448
168549
1851
97364
168454
168544
97363
99642
448267
93172
93351
168555
294415
370015
370019
156728
93315
1852
2831
93356
93282
93314
93357
93316
93352
93317
1855
93346
93360
459051
93359
93284
166277
163665
800
464366
163654
93283
163668
1426
263482
466695
163649
137678
163662
2655
1860
93274
93349
228387
3317
171866
3326
401979
3355
85175
101043
1864
256
98971
99054
98963
254851
98967
36899
98961
93958
210571
98969
99657
293375
98805
209908
98806
98962
98807
370103
85198
306734
84085
464440
98956
1516
71517
98808
98960
420492
420485
98955
329466
370114
71519
98954
199351
93964
238455
53351
1867
98974
75327
293621
1872
1871
99001
209932
827
247834
319640
228379
98964
98970
280671
98973
293462
98959
98958
41751
269
99179
588
251287
75381
157973
75840
79149
34516
34515
34517
140922
55595
86812
34520
55596
206549
238755
206554
206559
424261
206564
363543
280333
352479
254361
272
486815
369840
363623
268
353
466801
98863
476084
257
266
480682
34514
264
52430
1878
265
1879
324364
59181
231249
99002
1941
86880
397758
79410
158673
231568
158676
445110
352718
364055
89841
85128
89842
79409
79408
1876
306504
431272
79402
437572
99003
79404
79405
79403
474
89840
199340
251393
274
606
89838
79399
79396
412181
412189
51
79148
157965
79400
206599
230845
158681
75497
79397
1900
288
79401
1899
158684
99875
89839
99876
1901
75392
284
75501
98868
2295
1896
247820
439212
1309
1942
247827
1916
448270
1923
1885
1934
95712
101039
2440
485358
399329
294992
295122
1906
319218
1914
295120
1902
2305
91491
99171
858
165991
317
370076
228240
1911
228243
1912
287
228293
90309
90318
285
228299
286
228254
1908
1909
230851
230839
228227
300179
1917
1918
268249
228236
1930
79139
1194
1919
83600
163924
1931
268829
163921
1920
199647
329341
141118
291
268823
40366
268826
1926
83597
2209
83594
163908
83593
438266
294
3312
238329
1913
163914
217253
295
166105
139431
276402
308
501
298
263516
498700
402082
163898
280620
435438
424027
550
457265
1928
2806
255241
449266
33069
255249
439196
83476
255210
83482
83483
297
457185
83595
99825
83601
457375
83484
289290
1929
53
407
199348
420789
289863
415286
356
289857
209370
289860
293955
141067
75566
439218
330050
137820
199323
279888
279891
209959
137602
1935
2070
391673
37042
103916
442835
103917
71277
289266
833
263665
364063
466677
51188
99852
449285
85110
370334
2672
73247
166073
411696
166063
1945
251880
251636
251646
251633
251643
99169
46487
158668
79406
95455
93951
86911
158687
1943
293181
89843
166299
2325
99701
55
163717
98820
391316
551
25968
64280
36387
498251
93928
86909
98816
98815
65748
86913
466718
352582
307
166302
352596
79278
2199
157826
166409
139402
254395
166412
64745
90000
166427
90026
98819
165805
231426
90042
363558
733
261584
238557
99172
3165
2990
477742
90041
251927
729
464760
405
247511
247868
247378
47045
1954
314
315
141288
316
141242
101023
99772
50943
318
1956
238688
93930
141258
141261
231031
141265
141276
199302
293812
1957
90079
401942
90081
141291
3237
199306
329308
636
251274
403
199251
168569
873
485426
199267
199260
280205
404507
93372
435329
93938
101049
101050
314473
93939
79105
2196
93940
90050
2030
31043
93941
449566
263479
1988
2006
440724
141239
357154
334
45358
130
95465
228140
75565
324601
155878
50920
63999
252164
2037
2021
49041
391384
337
95486
2022
157846
314478
494428
63273
891
171445
2035
2404
268861
338
228113
97339
1305
2024
391641
2039
391646
2028
319266
3000
2040
2041
319234
141061
319213
319244
346
141064
319229
99108
32960
431341
251290
99829
342
443227
480531
454750
33108
141219
42642
79447
83311
83313
91547
206546
319251
99824
465508
99748
83317
99745
83312
177926
340
31205
177929
319223
209886
276630
319239
284362
449291
319254
275777
45452
280628
69063
99826
280356
276399
435651
435660
141214
3269
284247
295219
295217
75567
457083
295028
908
913
487809
2494
443180
227796
329883
99004
228119
2345
100026
2368
2287
360
251937
2498
65285
2062
251949
94056
251957
295215
141115
251962
295213
228429
251877
3265
380
251992
295211
2151
295209
79257
3266
79255
411777
295207
79256
53372
295205
85197
93398
295232
295229
91352
182127
2078
375
97567
280774
314585
329481
821
329903
97280
300373
329918
263297
2088
54370
217557
93571
180176
34587
44890
141209
93126
97563
98977
94058
97564
238763
308712
251579
308684
251582
280569
251671
251674
308698
2086
329931
141112
308638
251576
97566
308621
308670
308655
83454
84087
97560
84090
264580
715
369
371
137625
2089
626
206484
79240
66629
900
247353
721
713
2407
3452
86869
99871
99873
86879
97261
454836
295006
295177
295175
99927
254688
254693
99914
139441
966
289326
2111
386
440727
2611
171723
263435
86906
216866
330032
63
295077
295081
363412
295069
141179
295075
458785
2131
86864
93556
141184
209973
85458
221083
329324
140436
464318
3411
139507
210584
86870
139491
79230
225123
300878
95719
446
238523
443070
90794
157835
2128
315306
99802
315311
447792
295073
90791
295083
295071
295079
330041
157941
98934
2132
157946
90039
2133
252054
458758
157791
2122
447
458763
244242
158048
199241
2123
169805
64
183666
73274
137681
238624
480506
2158
90060
90003
157991
158029
157997
99870
35061
2762
99872
99796
2149
98892
99874
101029
158025
178396
101030
158022
158014
90065
2438
247245
158019
2744
740
390
163
1573
276280
58017
157215
2248
774
444490
457
99931
602
70470
99930
79091
523
324381
79651
64748
95159
2137
101088
402823
101090
35063
101091
101092
449
183663
79150
640
231531
221126
391665
231537
2162
280663
2189
93925
99880
2190
280200
70591
93924
36386
220386
456318
280195
30924
642
34528
64752
478664
2182
79486
401
309147
275766
93160
411536
396
530
2176
411543
329967
293284
840
2177
2254
330021
2524
330061
166068
330058
284339
324569
314928
411493
2185
269505
269510
46532
251380
436
293958
183678
66
289877
254704
757
308013
438274
409
2312
1010
1366
2194
234
276580
2200
3111
276405
276575
86923
79644
659
79643
276603
79502
276598
300547
50942
79299
140966
2197
324575
238475
91135
263455
209902
263458
140905
3197
84142
276556
306776
300324
217560
99878
289891
160
93686
88618
141145
2801
2204
3416
1310
443098
391327
79146
60026
77296
2780
189427
477781
178311
48372
2206
416
231580
93600
99879
417
295002
99932
295142
295140
33208
238583
228315
228318
450
2221
141152
422
2222
300293
295051
295049
2709
88660
2224
494348
251523
94088
427
423
466650
428
2216
93297
429
424
99819
54260
2026
3387
79495
248408
276608
101041
1023
293964
185
169139
2220
69
247676
247667
247651
162516
69744
247623
247638
269221
137902
199326
199630
244305
269218
89936
95720
99058
2092
99083
34527
435
369920
36913
2258
2238
2257
93101
97362
2239
2260
97361
189466
97598
140286
95702
95715
454
95700
226316
455
88621
98606
226307
79504
90673
180139
289586
439
1398
444
79503
313
55654
90368
217407
281090
440
95706
2286
443236
2266
29822
99832
329235
724
293168
226313
611
95717
1910
331187
70593
280384
466
329874
91132
59303
456312
36237
85193
314376
247718
42062
169147
2291
238621
464
200421
2292
200418
221139
324307
169150
34592
70596
293
331190
292
72
137893
171709
35062
99055
438279
95449
90078
440368
263352
91127
98345
411703
399808
443084
276066
276234
90062
140896
217371
35064
137698
33314
95619
811
439167
314946
63259
324632
448237
268366
268363
169467
488191
404466
391397
73
464458
247604
330015
2929
289548
31828
1454
97279
31824
220493
2299
466670
31825
220497
99123
31827
99100
31826
1540
2322
90069
96169
90068
2334
137593
314017
2285
137596
96092
137599
67043
493
772
587
3309
3310
884
163934
88633
3307
96055
98798
70476
73423
98797
472
293936
309324
279914
43117
300605
494
43119
397715
35889
217064
420686
79395
306682
448264
79501
2337
447777
454745
34217
65282
480553
2356
369999
269200
495
2357
313906
488
65250
141046
141051
2340
87503
141103
93953
269197
499
141124
97366
268865
490
370002
83468
155838
402003
75
137783
363409
440221
93558
440233
90058
492
90056
168816
363618
85192
79084
91351
2348
99131
79083
98837
79085
99861
549
71274
538
86845
52994
329469
64720
98834
213807
104076
213625
280365
507
500
423717
231040
2372
2373
508
268838
509
300345
98831
93552
1486
137776
102724
98829
521
402026
402020
102379
402014
102381
402017
495844
402023
164726
438114
98824
466934
98823
86834
98835
2478
86849
98836
168940
86871
86829
86872
702
454714
158799
158796
217260
370026
363540
139444
77
254857
436271
139447
99854
98907
156156
90160
247762
90156
540
79087
86893
33408
31142
86797
90394
167635
238593
171676
90399
2387
90159
95854
90398
90158
90393
90157
254424
254411
254449
254379
525
254478
254463
352682
2148
1084
77243
90283
89844
163525
95232
90281
533
2396
481662
529
199276
398124
90285
3467
812
268835
90280
251931
69078
86867
90282
99967
279897
99969
411602
295036
100011
295237
100012
295234
295030
100013
295227
100014
295225
100015
295034
100016
295032
171680
37553
65283
294049
452
86854
50918
178528
98845
90362
98843
90363
98844
2414
3162
464321
48686
464329
79490
79489
178536
458792
98838
480541
137926
52417
545
228000
279904
662
443159
79452
46135
168966
90186
289825
86885
482
178544
158057
543
314684
391
289666
98846
319667
80
295241
210272
295239
90045
295044
2420
300869
295047
295245
295243
2477
178533
268920
33226
178522
2430
86882
2431
86884
140957
220448
97285
370127
52416
84065
2882
438207
178493
300857
97341
279894
364039
178540
548
98938
295004
99920
295173
295171
295012
2619
2429
438159
81
228426
2768
84081
99990
36258
464336
99921
228329
228349
228346
228340
228343
314911
228360
314918
228363
228366
228354
53035
2902
228357
93682
314629
93685
314632
352709
398063
3386
85138
803
1020
117
476102
321
82
369867
435998
363981
1496
167
324585
188
324561
201
454700
282166
204
217055
254334
83
2072
29073
679
1652
33276
93622
2331
93623
2073
97332
59135
93557
381
79476
79477
2764
79478
206436
71211
206448
2841
206443
2442
1149
767
53693
261537
449432
99718
261552
309252
2380
77260
77261
77259
401901
85212
93473
99139
77293
280210
646
666
280224
216975
166282
280270
216981
280293
216986
280282
216978
216972
99022
86861
221074
261501
180275
2800
363700
357131
97336
822
582
54057
2828
2573
401945
64744
280229
280679
280234
309334
2770
280219
309331
77292
85
169
581
3437
903
59298
99147
166078
97337
166081
2289
166084
166087
34149
166090
240071
166093
88949
166096
88950
52530
75234
53696
94086
100984
70578
834
33577
97238
681
838
75233
40923
33445
35687
454831
2678
3314
100024
364033
3408
168566
36236
90001
411593
98825
99803
97335
86830
420611
391343
39812
449563
137867
279947
99908
477661
99906
238569
449395
2613
294023
1451
268114
890
31837
324290
598
3385
70568
300284
280397
98908
556
673
1062
280640
162526
268882
1136
2451
171215
171201
171208
557
141171
141168
217
2456
141174
269212
46724
269215
90052
2038
2459
71213
353356
64722
79455
66662
280821
77299
280794
2512
90389
91489
79457
158778
252046
158793
2481
98850
98849
39044
98848
97338
1566
158775
618
3282
168999
252050
251858
616
300496
251855
60040
251867
31202
2485
251863
653
247698
247709
251883
276152
268139
2495
263662
97252
329998
617
499004
33475
238650
55655
238654
238642
823
77298
238646
268820
85275
268810
178364
93109
139471
93177
2556
3434
93176
2470
89
620
95443
168811
50251
2499
464453
621
592
558
284963
284973
284979
443162
477749
251656
481152
568
199642
727
99742
2514
2552
83463
289522
2528
566
569
178303
93926
77301
2564
94125
1018
1307
199293
423461
423470
1083
2598
60025
95707
2526
1106
324604
2241
641
1596
1598
99226
99228
2637
261112
2636
574
238722
289560
79253
399086
3148
92
157801
252212
93476
319581
93474
319589
90395
90397
319569
90396
319574
319605
577
319623
319612
578
99898
319547
319558
319552
319563
319600
319595
391504
139426
2583
178512
2591
2584
99846
99845
141148
221106
79093
90021
168572
206569
139417
139423
610
139420
363677
268813
86843
2593
25980
824
171889
73263
97232
2905
93969
98904
84132
589
391490
504
165958
391497
165955
591
596
2020
319189
324581
94
603
171442
171430
171439
178400
199329
171433
597
88635
98902
171436
98897
424107
53347
447881
289377
401768
482601
210163
178461
2604
171881
397937
457050
456369
34521
600
254864
329478
399081
399103
254854
53698
447977
97239
268129
97240
280553
98912
45448
488650
99736
79468
99734
99735
370039
178148
853
98905
2658
615
178145
2995
171886
99925
377
289685
98619
139
64754
289380
404560
263432
263425
206994
166286
206572
624
64755
329894
247724
370059
48918
207000
79466
468631
497737
319671
764
319675
2617
206991
2643
139414
306553
98911
2641
2612
2576
2714
79467
614
2646
91500
329228
654
2665
655
3156
652
93591
35612
93592
83465
93589
141096
213736
157850
216873
99867
263310
263324
263317
137583
100078
100082
100080
86820
100077
85162
88659
639
839
656
84271
139583
139512
93921
252175
300313
2679
637
2677
635
370348
73256
638
48162
252183
306577
255229
238305
90103
206586
139578
64751
139573
139564
90117
231450
84093
643
499103
231457
486
420702
420699
331176
423384
280598
2686
99
2688
397615
42738
464370
71528
86788
179494
279943
369873
221098
221091
329249
451612
2615
31204
2699
499096
2695
100035
217266
2700
90064
141091
141099
1647
634
2701
280576
93606
2718
91364
247685
100073
398156
1487
66628
216812
216820
216828
69088
329336
75378
466682
2788
2746
2730
1183
330012
251627
251630
2750
2733
2751
93328
2752
2753
93329
2919
57196
2754
57194
660
2755
141007
2737
2614
399293
2756
141000
141327
79144
141330
58040
434179
300512
2786
79443
79445
314029
79098
216796
64686
216804
210110
667
2054
166119
251262
391330
2774
498481
3460
668
457378
2790
2777
352636
50809
1517
352540
1308
2767
99853
2763
2484
2769
357220
357225
457059
2783
2796
178389
329329
449427
2309
85179
220460
401911
95513
98686
480536
137932
454840
90695
247806
247798
251304
90797
91498
2374
2809
306527
439729
439737
3020
439746
439762
439755
280921
279925
171700
264675
674
440427
675
64740
420259
439202
60032
397750
676
397755
228290
300552
98842
73260
103918
94080
276627
677
324299
79102
66624
83616
683
103
684
209951
401795
101000
401800
101001
401780
101003
401785
101004
401805
101005
401810
320396
100985
101007
401815
100988
101008
401820
100989
171622
401825
100990
171629
401830
100991
139480
401835
100993
320370
401840
100994
320401
468661
100998
459056
100999
320391
488594
101009
466722
101011
306511
101010
320365
320385
401849
171612
171617
320355
171863
319199
320360
444099
320380
100986
320375
2822
320411
100995
431329
306617
100996
100022
454710
200
703
100997
46486
63275
171607
99013
3465
101330
99922
79254
306674
79480
79481
97355
163746
208524
391411
63455
704
178509
79479
98916
306686
1335
306692
263543
263548
263553
97349
263558
251307
100002
100003
252128
100000
100001
499107
391655
263534
88628
700
701
480524
466729
97352
99076
88938
88939
98922
88940
300525
300530
168615
756
90059
79483
79484
2874
707
2884
2875
199315
314795
293144
629
79485
238578
314802
314811
293150
220465
178382
91412
295203
632
98951
295201
999
140941
295010
2867
295185
295183
171706
276624
96201
29072
294994
295126
295124
276621
3301
3103
720
106
79492
2889
1410
217067
91414
306539
71273
2907
251909
251912
221046
251623
2897
2869
2908
35065
723
221016
90066
221039
98852
2912
35098
330009
36238
79126
100021
86855
451602
2900
79128
264978
35689
440402
440392
732
93568
2903
107
295152
93339
295146
295144
93336
295150
728
295148
498494
295154
93338
295161
295159
180229
295181
295008
93334
295165
295163
93335
295169
295167
88924
295179
180182
250972
268940
101070
2935
98889
93405
300573
208444
208447
208441
2940
314697
268943
99810
268947
79152
101071
735
93569
737
157798
79276
329971
79076
443062
157794
443057
209004
100924
217396
208981
95496
97278
238606
447877
284343
206594
2932
217080
140949
454742
70475
79474
902
2964
163927
3077
741
95458
324977
275555
289539
457088
225968
443197
165994
94059
2985
66630
295022
295026
157808
83316
295020
758
228247
295024
526
295018
240094
90044
240112
3202
240103
240085
93164
171871
104077
171876
104078
99811
443173
129
398073
3002
398079
2989
91411
251915
93585
94089
79444
94090
169615
2976
169618
451607
562
73273
454718
761
49566
329195
324636
313892
254516
289307
770
3034
93110
140481
251607
284388
178517
3003
763
363989
289365
791
48104
90073
85332
786
788
3221
210141
52427
790
2391
357027
97927
357034
293987
466962
1507
178315
231108
3095
71505
293202
86896
66661
792
99176
3092
2023
3193
73267
213711
831
85165
99057
780
324648
3273
99756
436166
213802
70595
213615
54368
99757
293199
90340
425120
206492
163699
3047
79138
59315
86897
3099
86900
477650
86903
86902
97244
319
206575
95434
220402
220393
220407
352763
449280
90400
63862
799
485275
481986
96369
228157
477738
64743
94124
168624
94091
83472
91490
805
90289
398127
3152
90291
384
36235
36234
280811
99919
99918
280802
295193
3161
295189
295191
295187
295197
295199
488232
295195
93404
97330
842
79022
99865
2301
95427
841
798
90051
137839
314970
994
314950
314962
718
86908
810
79430
231500
231512
157769
101063
85167
3198
99903
97283
251639
163708
3451
279882
401866
370943
69085
87876
352490
93400
93399
3166
371428
2549
168593
2816
431344
3169
268377
268388
268740
268384
320406
85194
826
319247
51083
268369
268392
50944
268397
2323
268762
268766
268748
268758
3093
268770
99122
268752
99117
99087
141121
3190
99053
99052
99051
90636
90625
3192
90641
141127
95459
168609
3189
99084
90635
3203
457223
87884
99064
216452
95461
216445
99905
3214
95431
276174
99666
447740
331226
247790
90024
217622
98948
50815
295138
295136
1570
3248
293843
75508
3250
88637
1104
1882
86841
2697
1133
3258
881
3375
96263
93406
99329
93402
96264
98791
261534
99330
869
897
71289
453504
971
137888
959
93403
329173
2980
85203
958
314404
978
1946
476096
1028
157954
2346
1299
85284
97297
440354
157713
476093
157716
157719
2566
476119
435988
1466
325004
85199
1171
73229
100093
2872
314572
1340
3238
2229
477668
3194
66631
1997
444072
85164
363972
2353
1252
397922
912
1292
93946
52429
1393
314679
120
1458
454887
66625
1508
929
1396
2016
209905
1514
3456
935
2115
1406
363705
251383
1524
168984
1968
2956
1453
275543
140944
90290
2052
3138
158061
171719
79493
1414
1974
83617
3163
916
495875
920
99048
921
1658
319340
91413
3016
476406
2508
90301
672
3338
140969
3177
121
52055
1495
88918
1553
88919
1492
401959
88917
1120
998
397927
3354
988
1021
989
1003
990
498693
50812
2316
171836
1005
1031
2850
73245
1014
2232
1006
2574
2725
1008
2865
202
2153
2773
1046
2983
2487
1078
369861
77300
295000
137628
1338
369891
1051
1052
50817
411515
98794
101033
73230
98795
709
2491
447961
411511
2492
423454
1408
352487
1064
1065
1068
2580
1067
79107
2973
1069
477993
1072
2975
1074
123
1135
324540
71290
1122
1436
3339
314718
69125
1094
1117
90390
1397
1150
2639
1118
3200
480773
1101
85169
1121
435953
284984
1187
300382
1253
1123
276432
2821
1126
70588
1130
1129
1110
1112
1167
1113
1180
0226
2585
363746
1184
137639
1188
1192
1488
2074
293864
2572
363429
99141
445062
1185
1766
3023
1207
1208
496641
1174
404437
85338
1433
370022
2579
1178
2732
1227
139450
1555
1225
485421
1226
496790
231117
1228
231127
96076
1217
2237
1231
231120
79459
2698
238613
1234
231130
53540
93604
1237
1995
263417
93605
137911
89938
308410
100978
1241
2198
164736
171839
293978
782
1435
3471
1246
2143
141333
50810
1875
79499
1948
52368
2819
352577
3304
2213
2941
1295
1261
52047
3323
1262
1538
2707
1933
2669
1264
69737
2250
2771
1270
199
1272
131
363417
193
1278
261559
1275
2057
1375
3240
1256
1277
1259
217008
2724
2934
2899
2163
3447
480520
1373
93973
162
94095
1323
280558
2513
1369
2233
1377
1344
330054
2712
1380
464738
90022
1383
1345
1388
91130
247794
1368
1355
1354
1389
1352
314993
1390
1358
1381
171844
1387
2947
90324
1399
1422
90321
90322
98979
2235
46627
1467
1964
98980
444077
494541
2969
352723
2050
103912
2412
1475
1471
2518
3019
91494
1434
1473
79132
1479
93971
293208
1409
314597
3068
2888
3363
3218
466921
309854
2272
324999
1415
1412
1484
191
314002
166035
31709
79156
357175
480864
420584
466926
3207
1545
1552
137608
3071
498488
99889
420179
404443
2081
137634
1512
457359
2962
498485
1532
314662
3327
2930
1533
2719
496686
93262
496689
53271
1547
52054
2736
2917
2437
1530
1506
1548
314432
1562
357329
2186
93267
1563
2181
459070
85317
485350
3055
42775
85327
137831
85330
457260
85329
324410
85320
910
94083
1571
85280
1568
67045
464306
2958
500163
85319
500166
488632
85282
457193
3052
464311
3459
3074
436141
171851
2898
391307
85318
363686
163982
289483
436151
2139
423479
2466
457365
163979
412069
83648
314575
3041
3042
356996
466688
3051
171860
94066
404473
438178
457279
329224
404440
466791
370010
468678
3044
369847
252202
75858
3196
1357
456328
352470
397973
3409
3082
420561
480907
2957
71275
3454
1927
363528
3233
329314
497906
1574
314451
391372
314466
420402
2109
363611
71267
369939
75857
1654
220
3145
93293
369897
79118
261638
261647
235
3464
3270
1655
1670
137622
3172
369992
284139
239
1682
2274
33001
1664
1765
3262
1665
221078
870
352712
289553
457406
2095
412022
357158
168563
79113
2855
2502
480880
1770
444048
329252
352662
466943
1296
247522
163681
1777
1521
466950
314555
453499
1778
459061
2838
99792
1779
1970
477831
2104
2840
2282
1969
1804
2588
3032
496751
75325
300576
457395
140936
2504
168451
1806
93358
2722
1812
2036
69083
2370
88630
1897
353298
1883
85182
168552
1849
3404
168443
1824
1856
1825
2565
1858
91136
1861
3337
2013
3357
2015
2792
2064
2476
2167
412217
3429
47612
1873
2180
2319
2025
3473
2328
2027
2031
1877
2033
888
2001
137631
436245
2003
210136
2405
1993
3255
2007
2010
98919
137
2823
2824
744
2141
2820
2215
358
3268
2059
2083
2058
2085
2854
2084
2044
2047
69735
705
3219
2795
3026
2063
293165
2261
2065
3035
2090
137834
79665
169105
2523
2075
75389
347
2077
2673
221117
2723
85335
505
217026
500095
2342
2521
329191
2107
79094
2108
2097
2349
3217
3328
93970
2101
564
2117
2172
2994
3322
228116
2787
3220
2715
97340
2136
2135
3365
93972
2321
3236
2332
86919
85146
2324
2269
678
1891
2326
2590
313795
2201
90647
2202
2329
2330
2315
1894
2339
3360
2306
2533
281201
480
2662
475
137653
28378
3351
2333
85202
2988
93325
99741
93324
435628
261494
477
86918
85112
261652
896
33543
503
2110
90308
90354
2377
157823
2378
498474
2379
443804
3246
137605
2789
228410
363965
2833
2834
2812
2351
2462
2382
2798
137898
1300
2575
231742
2410
209964
2928
50811
487825
83629
2399
438117
163684
2400
2386
537
86822
86821
2045
86914
820
210133
86915
2743
2363
35125
443192
144
2832
227972
247262
524
2390
2408
36412
844
2409
500135
2461
210548
2460
457485
2563
101104
559
2717
2427
397612
468672
2432
2150
560
561
2152
85321
83619
487796
2155
79124
2435
500150
163634
444069
3010
447974
71271
3109
352447
57782
77297
2471
2516
2473
59306
397951
2999
1236
3097
137658
2511
477673
391408
457351
306558
2519
83473
477814
2479
3038
2522
3132
2554
2558
2482
329332
2483
3216
3433
500159
2515
457284
294016
423894
423306
171703
2670
2535
263347
2536
436003
363992
231736
369970
145
819
251038
217377
2538
476126
424099
363741
2510
1713
2547
251279
2597
495930
158003
431140
52056
2551
140963
2596
3347
2601
363396
3101
575
2959
2475
69087
2560
494433
313936
2589
2703
2561
370052
2668
443988
2690
627
2631
3350
436182
352654
2653
1884
85196
2680
648
1937
397744
2663
420556
199244
2849
73246
2804
2666
644
2184
148
699
401764
435930
444138
2835
2818
2375
306530
329475
2704
99750
464282
228190
2826
90307
2776
2278
85442
2815
3378
2439
149
397623
2896
391677
2878
464288
3439
500533
221043
2881
2825
2885
3004
314394
2863
2916
2920
3102
2866
2921
364577
2868
435804
2886
2963
453533
2890
93258
2891
93259
93260
3224
2894
2871
3353
98793
177901
2972
171848
177904
177910
398069
177907
306547
228396
293822
2997
488647
2946
3133
2950
238766
2876
289478
739
3011
769
98754
151
488627
488613
3018
2067
480898
3085
391366
500180
140976
404451
886
79134
93975
494439
99989
785
404476
2297
66518
391348
73223
778
85173
163988
139466
436144
3096
152
2252
783
37748
353277
353281
353284
3151
3121
3105
85186
300493
806
2256
3107
2230
808
71272
82004
3130
101016
3110
2759
3369
3232
221008
2183
85201
3115
178338
153
231137
3176
2454
231144
397590
3184
3186
162521
3104
3316
3191
93974
91355
250984
90653
90654
2234
166100
3199
3167
3168
3201
3173
813
3204
231140
263410
96182
3175
231147
3449
94064
3225
3412
357332
3226
3210
3230
228012
79500
3259
140952
66633
494444
3263
793
3241
3239
457077
254898
90650
90646
155
42665
3291
485405
284227
3293
3341
857
3390
254902
1780
457212
99818
447896
79129
99413
3361
3320
3332
3368
3417
894
895
2779
3419
2156
3455
209943
319182
411501
906
2228
899
3463
411590
96061
2571
1493
100067
363665
3448
2255
3344
488642
3472
217017
3440
230857
79106
97214
2970
1973
1892
411986
496756
209956
2836
319678
99672
1951
391487
1266
99688
2582
231556
93270
352587
93269
93271
93268
498497
79137
171714
85294
163721
163727
199343
2951
2952
51084
51636
465824
163985
35878
2165
1962
2570
2166
480528
168632
2119
1336
2124
254534
83628
443101
306741
306669
75326
161
369979
64739
2745
293967
2246
2310
2249
2218
363523
254531
447893
2251
85163
324416
363694
450322
2253
397618
363649
371364
307936
991
330029
183707
90023
352333
467176
163690
2271
438213
2273
438216
2731
97548
2268
496693
88643
464724
370088
231720
313800
2676
306597
199337
73224
93932
2729
2298
164
391392
2772
391389
83452
1445
965
91133
276435
2760
178377
99965
165
2987
100974
93256
768
2069
468620
314613
3405
319462
488197
231169
231178
231183
199332
166
251332
64734
2307
37559
3260
352328
213524
2371
293925
439897
2464
478049
2463
314041
500188
300501
482606
238744
435938
370997
238637
404463
252206
43393
401973
98827
1895
168953
94093
2608
93213
217382
93214
85334
435845
93217
85336
438134
93216
363400
97555
69061
93218
280406
93206
93222
93220
93209
93221
93207
306507
157962
300333
2674
2720
90652
69082
171695
439822
2713
99806
363654
2716
99807
221150
3164
280403
2793
669
210144
2942
370938
3352
221120
314459
3134
77258
43116
436274
3180
3015
3021
99170
3424
83453
3087
3466
3098
3275
500144
3289
353327
363976
98913
98914
98915
313846
499009
353344
99856
353351
370034
99858
99857
3384
436242
363483
141107
3283
252018
3267
141077
883
45453
398987
494421
3299
329319
3303
745
3318
3305
743
71493
314588
168629
466806
217467
370131
3325
480851
99042
268322
216729
854
852
851
83314
95462
99061
849
1723
71518
96059
216718
96060
2842
1747
139411
863
3343
867
99776
864
411788
96063
171929
3348
95430
1698
90053
1703
468726
3374
1706
3376
1692
1708
220443
1711
420566
98885
73271
86904
1724
96068
3389
494344
3392
180237
500545
180284
874
875
98886
180234
363494
391651
251919
876
252006
168947
168950
178342
99928
231632
97287
276148
206473
276145
100079
329977
100086
2126
100075
464756
464359
252021
456333
100084
176
69723
3406
100083
254698
100081
97289
98593
879
3400
99070
99071
99991
83315
101334
69077
3402
363489
280917
279919
251328
370109
404553
180154
180157
48435
280379
435372
99120
99056
158769
158772
158766
97230
493342
90342
180086
231445
180111
180106
180129
180126
180118
213574
280914
279922
279928
251325
99113
370930
3427
158000
158011
158008
171684
98867
98864
98865
2981
85337
79458
1940
1060
1474
3444
99817
1838
2029
79289
93275
3084
2113
680
2829
3271
98861
85333
163953
85291
1831
98788
1219
3022
3106
3118
93968
99694
99777
918
2654
1569
1271
2853
77302
3349
2569
995
3212
1401
79446
156723
157788
623
228407
1317
2355
2051
496
3112
431
89833
1235
1251
85281
2352
91129
2895
1850
52183
50816
1432
936
2661
1888
46658
1889
2389
2689
2691
1981
3391
3438
1678
2243
2244
329255
3013
370006
93943
90649
100039
90338
3446
2775
964
101022
1011
3333
1301
1683
2649
2419
1245
94084
670
3065
453
1102
2739
3123
79261
79260
231256
79450
75790
1674
75789
736
2174
2125
210566
2060
37629
85289
1564
2687
3195
90185
3213
90341
54238
88636
1535
163673
2640
97295
93944
97552
63269
2087
1019
807
56965
157855
98770
101107
2837
98812
2486
216989
79407
101151
3421
98968
254723
254712
254707
850
63261
1984
2998
71291
137862
83618
3336
3423
711
1792
93280
2055
168972
99715
139477
93559
77242
178503
77241
2453
2506
1557
217315
217034
352613
93609
79482
293838
52428
93611
98894
99044
187
99047
411
93301
93303
665
3059
677024
2014
